73.89353628353444 66.26859575793591
34.95669256156644 60.1942430819898
28.25494014425345 45.74018076808662
64.37075251817008 49.75556532423917
64.99431804221277 58.666610604325534
72.91471407060676 66.28514806077303
62.58038630719561 61.07179976003617
55.790154105907064 82.91924656029974
20.954237320843017 26.7794052348572
76.41778035370277 39.043432901831096
72.64557285855358 79.63420681287131
56.92328746030887 63.22649561590848
69.99461093818002 39.52378204889256
75.46489608921 33.47007560031192
71.24760712849267 58.799551677187864
34.13006283694693 76.12389156653104
81.86725486330786 32.53831207552358
50.01653316315296 48.681655978160606
49.3025707593185 60.77734060704331
37.24905756886952 43.20937654436629
39.148558356795334 17.405417300853752
52.837508288699276 82.00993096206281
22.158289766571848 61.90770814130595
32.92328651079161 56.20468680418392
86.41098137889821 45.431236649712744
32.997511012281144 75.22512549524222
79.7350617767619 63.45251971808046
15.59283429874605 46.9445135742146
48.094379205750826 37.03302518006678
60.045655740895775 66.62950486014057
40.87504642207476 17.548094185289198
47.61866325774512 70.04671990668388
68.78148269486528 66.75786719455617
30.56252455505405 61.757335510781196
22.446215938476264 37.344692743991295
46.443570730480666 24.784424825367534
38.76356580712365 85.3569662060752
53.15964301676963 25.048342328622752
37.57804854058797 67.14489267104857
21.55857427940947 61.40188265018792
22.215568617726188 29.31623038526727
41.33236309871251 29.816495836549972
80.66727723023757 64.11277652261485
42.69889559165164 31.562952370153663
62.680258308230876 80.3426590877483
56.6355937656705 40.13707518616554
32.82285349312366 56.774815187549486
48.452517267552984 85.91238345265477
46.84245224960267 82.12978965435167
76.62557131828882 37.77937143530814
63.700842807648215 26.522665087965624
65.86786739910411 51.489499919264944
52.80124016835012 55.731556728231816
59.86732798735396 42.26542057185087
45.36202276671034 40.045817106656955
27.07453447769177 32.79258072862575
33.76091673508155 65.08431885389567
24.170246693363396 36.78630730200155
76.90334969596061 62.420768032044414
60.32391329785898 57.43716041158879
66.25812487904258 17.91353449409939
24.15173424864423 71.86655384553568
28.792021158324822 68.99869780153777
45.38649486606108 60.52374984831591
41.73583109188163 36.312181699683585
64.09057752509983 19.509768685592366
52.909972372689296 61.86434184680283
38.31705043514248 25.156055999151228
20.919661967360483 62.23565680988268
50.26860889718354 72.02979761874661
23.14567900172563 58.23409319331321
38.059486618310935 58.96445378427047
84.27354927052986 41.10224147734429
70.15136485577904 79.5315372380587
44.61438135910532 58.93942928858994
59.289321611976874 57.843051111431585
35.18091596841606 57.132569850702374
32.94635283492221 61.74863046680967
58.130233896523606 14.125353988073952
40.46867689878012 63.382677025099134
72.16875749108945 36.74449420209554
53.70009952002726 72.91574232754657
45.16426708208922 85.67125226617698
38.393587416465024 34.58428740298517
59.19966492887696 68.25217883900854
72.90929909330448 35.263796770007005
53.80557342584421 40.833288272614745
54.10344024943683 37.151275693828744
38.01467859113521 49.72874940537682
70.28943429252378 59.41092676494266
46.333787820294845 23.679410153058722
29.959582415369603 41.61858531721775
31.224987868667142 65.4250498119867
49.38903823323999 59.11312253813752
38.615609265628294 32.10935872468017
57.522657591559934 82.43100382141608
62.892955025797235 55.569030948421904
46.19906606207446 18.244931069339067
33.60726958753829 47.617194508878136
68.11101149429182 34.4731564565135
34.74469050241121 47.64541989297981
18.589192617822302 60.27058733112336
35.644925199881826 54.687032031835045
38.19009913891842 14.432389148100999
35.417100393967424 76.67976704496121
38.60848306140443 52.95613479412397
60.59083718143312 66.33097705473315
20.471876501309705 30.351168852352295
53.56948773416782 64.08728455178085
61.68603229914229 78.39795002973464
69.72478506447241 69.93450775802829
79.51855163585697 55.254255210962725
36.09141651874859 64.52227927972301
71.1325952357038 66.23120964686396
37.911826711499955 84.47445418281299
62.08596935328654 50.4937808239336
63.28481953018088 51.833427292816324
50.02357468172129 61.22899272449168
80.2537003739278 60.433406875057784
23.940470597381246 74.51277380741381
85.15787417554557 60.42801888706782
17.916313206814483 48.388402527039396
22.51211123017732 49.289920933784
25.194768758744857 63.173539548727064
46.10036183271895 45.656872764567666
41.34452738243159 29.575979863257306
73.01781315213728 76.10925759153105
41.177144911340655 76.67923877663469
80.26192349140655 54.04969607477399
19.509178566789398 48.259437315607336
66.87469678619004 46.39611681721135
82.79752090526928 48.66619771030193
28.415725626672238 67.57297183924616
55.47149459016073 64.9238105549815
37.478359056114165 62.43875299303062
47.403036489064675 70.30349377943976
60.54096463848089 41.07403179950384
49.25343933957582 38.74716158567043
50.111438060328986 62.20502336709595
19.32081103322445 60.70680794487663
66.936206375399 37.28003383823294
43.23153246960519 29.856310111000905
38.84306379152711 29.68336802574745
48.91688996767165 81.7773114899841
82.85755388204558 32.93227189520873
46.66491394416779 68.16893401114847
37.59166796396896 51.74399156740489
31.763242115848477 61.88975119539033
31.188979063387347 46.856194245514196
26.38355491259743 31.849984347977443
28.249592067788655 68.0313908424903
34.45478117094473 83.143518377633
51.821179742738046 74.78111427516649
25.288423477034037 41.748853708701446
72.69876815071355 37.88902824631406
51.411598148489816 70.22071248148316
80.91105803785287 56.52172261462937
42.285514056225495 70.16458159438416
70.2299486742145 59.355420577516995
62.61498005766508 41.19924797933135
24.454571465234963 61.94815347149789
75.96047350730448 47.121338275179326
45.914417959965014 43.28989399980365
42.53131452319793 77.19335481453231
54.178525798557416 83.58463759074085
64.45262437065736 23.28219687150347
58.84052255358922 80.34340820274927
17.248260582212303 34.273388931969215
22.410987316676312 43.6541244119677
65.26523531185977 82.18892987890575
27.54085800390287 39.76133962121807
75.16982276101596 23.957763331015126
27.835480188692372 23.773649545537666
27.293961194038474 69.25348610206557
32.00134059280594 32.30468232931414
80.33981895613735 34.42229527701611
43.31808031513358 47.72912441065235
66.29527275320503 47.84131177895272
52.45117359396201 54.57711695064472
38.99310668770659 44.092527211170726
77.78549843663471 31.03241918720787
68.36077235717642 38.06302231122463
78.36196212487117 38.98541305021619
22.85328700253245 44.556286212763986
26.976927601953683 68.62109853215972
83.7355695652302 54.597861345619734
80.27873336867005 51.02393177776799
38.45188314656285 65.12215400546424
42.39404057173027 68.32233424199502
45.58145741712768 21.79230619027688
77.33095577104405 45.302159234695495
43.41660194935092 38.62005866295327
19.18899836511506 45.04970248352601
70.17661361707732 28.731932794080826
75.0107560304063 50.98050694371318
43.53479788242579 16.449878250939776
71.65800376524612 41.79330489922627
36.260067237987535 57.02683030184459
67.55745944340106 76.81508285122834
76.61195948288362 54.72378464594162
53.442458279333025 81.1858255883092
37.32601823394464 50.92317862730673
66.12004635995642 76.76841320557915
30.028135030234427 56.93780169781115
21.10987238159987 38.89183990280124
14.868453278304194 58.50228120541693
32.19748011153128 72.16732476962513
30.40061457737301 41.57617094575002
30.747962738583535 56.661854583365425
35.221449847570454 42.08981852762058
50.15356860955874 44.01750484647614
47.31588348818637 69.13260374772396
68.31504140669828 52.27125376231212
15.716615504657161 36.0182025089895
75.04940042889152 64.74260391618138
34.4600084686421 81.2517449897087
44.794530649517725 45.83766910873892
55.28245485084005 82.2342878009889
50.21826112185619 76.19220606266579
53.590758515376 71.32177850030475
45.75466952646091 28.963649845304428
44.726585530130905 75.00264780015911
73.65636593657968 31.906966971624907
12.797223225404986 49.18923329398174
62.03351525799705 46.46553440424363
13.41185431081363 51.27283891041574
31.259633558344003 46.90536512290885
28.32401945773797 35.434816357030385
48.45323367933315 46.984787262715
27.178703620041123 22.98748165643173
25.25951073912971 46.91821282973293
46.154152873959035 59.427145547028104
74.12070064871081 32.3665344018504
24.08472044129062 27.173549921809137
61.83404351336217 23.756623254855658
28.151761726878068 74.69021794209911
27.844779039016252 35.611369888726095
54.37296190039699 37.260939750838084
39.24615804239032 58.723261559877685
72.79147634198297 63.58933840495264
14.76059477732955 53.42578057435976
35.70241970092819 44.399350832541494
36.690683045101494 78.05285380438053
71.33242301250134 79.04086186044957
41.63563436726542 59.43610263236321
22.121348198686142 33.86288064035381
71.22040981649197 73.35310093791637
38.434497130708635 36.28905034019766
23.694525699112102 75.22544114638545
70.9593365191376 23.801297646016863
40.591142242353165 35.14099505661383
81.23117737143049 43.34915125462743
39.955810770733 67.81849780838871
35.62599759825555 74.14941304230123
73.65426243259621 59.033218360375294
39.63981939435675 26.849608034614413
31.413217602967848 58.169319991815996
52.41272894798681 74.0584899738499
59.89010460969843 16.171440527859783
15.15938983518559 45.383193466834236
60.15331962952099 15.27700822523287
67.88603214185002 61.47383441320486
82.74467827700019 43.12555297635359
46.21212403921249 68.41302872998438
38.7789531124916 48.8338484111872
70.65402071085637 58.21323171632995
43.29281751054042 61.762456815463054
33.198004725602594 58.3846549558549
43.05231036231923 69.16675340023164
70.83057547601899 30.626719842197215
55.07716658819839 17.49194365347516
59.96550278832441 60.06387502628725
59.78435332015458 66.10978614224055
78.83573762371807 72.09648415990526
87.2318164604041 51.64891054964441
67.44946099159257 75.51611740290406
60.8318670548066 65.15536031015166
26.74981321112139 45.146194901949265
57.7646413920626 31.95862173248818
75.98463326711716 38.03403651337652
26.950740068504786 70.97544527600127
66.75916349520557 67.75155846104145
22.02624497980351 32.58479004832402
47.03069093899486 77.77761200414105
35.33840583598668 78.13047731105807
83.90477808002534 34.51627219732127
71.34622910378462 45.821626587224095
56.520271165625026 64.7648819303137
40.33725598354757 33.02901608683986
47.4850707868623 66.35219110354123
78.19088233429903 25.7361737390988
64.00162948444842 23.154231205462274
71.01550239669984 33.16351977024553
23.672677069022363 47.10941162766164
24.916074743979223 55.60521072237869
48.46975997914077 21.045966276063165
50.54872279475855 64.36241108959754
30.138676584804568 75.67849024652305
51.091872805490226 38.07629551696705
54.16279937976534 78.32796672960237
65.22117942827398 16.31957743954705
87.06283104459686 48.32083389579145
53.283324268475084 48.702445658490355
72.83427156299247 20.99323267630666
61.61198742458266 76.65493797568654
56.85950362922393 36.77151034987038
29.0930455410496 74.87324621038172
70.91263817172423 47.26971864036065
44.05289206208381 15.142238657008445
24.105473715326063 66.80938436842044
42.74160918929471 19.355171244260603
51.75457784624265 67.3757773242079
36.35963483367045 15.277487994563387
58.27029014558479 63.37065755813198
24.655471385263738 49.52681120064126
52.36778449014802 22.68873170172202
21.782596781696583 50.94396047143071
19.152045942265893 48.383520226717216
50.98939078350093 52.80674058345058
23.19457091566899 43.050068650284956
27.17198276941203 29.14801516674682
47.00313835562995 54.985555521600546
76.27252969265743 70.69977111698098
19.640077531783483 62.798080285038814
35.230257204951876 38.093582529674606
61.18458054679954 42.95350616314223
35.53260370737178 82.6394259779212
53.085721085075434 30.46040552133722
59.00517431090837 82.03886156163264
50.555748020075534 27.976074805960693
30.019129330526283 34.238942266086724
61.51151990026085 73.083069315537
52.509067275720135 58.44945789626228
46.00622545759251 36.69757538536301
34.41970394783473 16.049361923558713
58.698614492525095 38.67584579085309
59.13264708762084 61.51900441290103
62.73709546076839 28.984887202334043
19.718498917291615 35.51990276711009
68.69563520955909 40.03846276467499
43.863454233345244 51.809616770280556
50.22000127653244 29.027094073648485
52.00144809397399 44.96751642529725
34.60550187297249 34.576531847550484
38.29262476914098 68.83558713190682
47.833875622592494 22.428375949284295
65.53921672801683 77.03659127325028
59.838016311863974 31.16250541000921
29.22238457846432 48.14932521955041
76.51303018810229 46.99347801869911
82.53618652456906 47.69312459585713
79.13937274722788 55.78713107308724
80.837838943728 31.682121888008286
57.35988625039873 25.812824536429744
40.939476476814626 66.10959596722469
82.52414251048228 41.58236478441144
39.56045253762498 46.77869432809133
64.8130623898675 51.58338791212391
34.693807129731894 17.235502752580622
25.334999222147726 35.60509185777544
60.65431058983649 50.880679109322394
46.16979444653334 27.89938266902383
26.567131230166286 56.58350177097731
68.30016367628293 17.770117852785493
43.76516514270271 26.44196830487249
73.55032902912706 35.31505080758547
39.594484818228594 42.64546900674006
77.90876925261797 62.865565169424166
84.00889896069101 62.4186424914286
40.59397855451012 62.83949998428756
49.11675843426868 19.026740530832498
74.00060886657607 42.87069006156893
66.05867312883126 57.24907327409184
27.443654892705027 54.5328658613807
36.17518960249356 77.80294078354662
51.85617080924146 25.49934152633262
38.38764340793944 76.52583925376265
30.716629378753346 26.25284386143356
36.45197264340253 59.992750781339964
39.9428941668877 50.70667739535225
44.12801977398678 31.57460195172922
55.70775164333831 60.39139768302837
47.261004436513 33.32310516001693
18.09835861996185 64.67604894150186
40.73235138485693 84.56454495381593
49.23649275960543 54.20707192198445
76.73602035864816 70.68907681132035
33.81363024928532 78.33524735485871
37.41304323070459 41.62420451351746
47.252503072867256 50.12559378258155
37.40668561636492 32.934367214694404
61.52039468119768 27.5005734090918
25.854406608512182 72.15383706131814
61.01578631817627 36.00210014116644
71.5164125631075 23.827499713672594
73.95461077152574 37.16119101680745
77.22167810656259 25.356880282672723
34.927778549958596 51.0368910808686
62.53231306498452 33.69977841551911
24.209257630908088 38.831138738252434
48.24541290437624 86.04095598009735
24.77956734627853 36.601298950469605
77.31034638790622 40.044182716444375
40.80339202626083 80.03331794730329
60.606699776744534 33.69036137113158
43.16365857542402 59.07538945014068
21.457100657902252 28.08539037222061
58.25726907716238 20.501842129775895
76.02555085672226 64.82889259820477
69.06016780442046 44.021339961091975
21.423418237046366 55.40980038678979
29.099244160854767 30.711180616215238
20.42727446577913 65.65939408714313
35.05567688201704 48.78303831683118
68.16987284596881 27.991905316037858
42.886014886637426 31.596750028138633
51.443462003099604 76.87847664827486
38.200572425794434 52.40145319456454
30.89615928161109 72.20738885409179
50.88917683223657 48.62445670683548
84.34384459141316 44.60248608814585
68.57806004189882 51.09424771767833
45.5239217875839 76.75389363526446
44.38561762083232 20.822672749533943
19.84674333356764 63.97524308123018
57.35411117125876 43.030074195410336
31.986766422949884 24.387972415217043
69.71604502139634 59.99197386941123
42.518290403458245 67.82898284183493
55.1444722299744 29.665661523846822
68.99870653982586 78.58055367055631
65.17105334973144 58.00855644438888
42.94049857179252 47.58329409601589
25.040273685924987 76.13209971783361
51.220167733743736 76.9982499600864
22.264640652988653 56.034035871707246
59.94744501948599 42.22100447055195
17.205044460015994 50.571880391771806
37.48041743803196 80.94564249981474
66.51908668704381 48.03250654381303
43.95795340241667 55.11163385559122
34.23058034630456 73.44931428222144
25.569884152640498 67.30720012364365
86.095611108912 46.28080274357291
39.35987093069389 63.59121902001088
60.30908329392023 21.808892110917245
64.06231135648328 67.10450886273622
51.297443149820296 19.50680153663774
47.13098482644338 87.31010724410683
58.039422685684684 22.83598092739555
77.1833238176586 29.130045036445594