9.462951194901207 54.192363815968434
15.26353330222602 69.232491884797
17.463610984683058 41.53191677982247
63.28802367427174 34.7434044768349
11.453792956601113 47.56029141883338
21.003541942466658 28.697058204635894
82.07948611016269 46.866151640130234
61.0487734144469 18.97741522054872
82.00650106084396 70.36951888670114
84.06177439808155 62.35154621457396
65.95429452365181 29.454996893428536
20.2950062792901 50.251518214377626
73.06876244145528 63.8805343809889
39.37505262018068 34.47530448921913
36.114009081165605 15.8804037059212
13.259763129608677 49.259059406743816
72.66765497005206 51.05830357991391
70.28740033122598 35.91440371831789
62.30738993274457 42.706786303598015
54.39041022441634 45.33317977339544
25.186379085051446 50.249021369591055
50.9997755978581 30.581064604342384
40.894405642452405 33.26130012184252
31.20062805104431 26.362015722757747
50.37479882886567 28.79655224859674
83.72046390500972 77.73810736675848
29.51386880448619 26.447065667417377
71.58673554081327 26.477060318503867
24.44217216632384 44.8676338116014
32.067942122981776 38.21976573834284
11.496305856942712 46.66350540247756
26.99325484925822 48.00780688191586
50.34338686963644 11.688675763618395
26.044914697105597 23.800085466313462
30.827376190571975 19.250726307604612
55.756134135437065 36.45238555919693
73.6597714295909 45.72972909087984
30.99467421458819 22.881983003845065
67.20123492325361 33.3574108049342
48.27591353394944 40.96387099039038
77.4816511346911 48.14042027005673
38.39383164175281 37.00234550286969
46.63974393474518 32.2120422310998
35.197390442136616 33.55538719198482
32.036232945898206 19.572676353787863
49.316638956167424 22.51902274918852
15.646312495235879 61.92552301745225
81.06496161004264 57.32680905327429
33.6917433650006 35.49531736105604
49.37142971567617 26.56225812112089
72.290565769821 28.011315451778948
43.39606480058866 40.84422887037197
76.34559699198337 60.710387338272994
63.183288865995124 51.79966414870783
78.05027152191379 67.45720696753705
79.52253245580036 45.12122129564274
61.077336684369435 47.075440241774864
11.696512143482382 74.69226500825488
25.028547362483167 50.049734014858515
36.61260679275894 36.88419593702051
39.83899025487963 18.733151272015153
39.61106169448851 29.196853630866908
29.49081135456547 50.16304762682938
83.81729089441563 49.344056803736606
68.25937667135139 34.783231056241384
24.606366851596576 27.73476123172102
43.75028258055133 41.75893821330412
51.33566804704343 23.874771758449565
28.430785959705467 32.82953191269294
14.90531532426095 48.33701988312763
66.600366752138 53.064181442546584
78.91633174804876 50.10616950020499
67.76601488537452 53.98458554139903
48.89629406879638 24.699392058925305
74.86275283335559 49.11005995036059
70.05096485369509 26.06328190976793
37.57785387766047 35.72570125880443
17.71714547043917 52.792173352663035
58.596207974346726 33.527530843034164
40.72534363425866 23.099637772629215
44.37818608390981 31.746463643565484
20.240639526963946 55.32203585662231
39.21904600300341 30.227419821913394
10.35319312737682 69.62202916522857
27.248230540534305 39.28199831876714
37.11745619999528 43.92088368637671
24.03687788361716 51.44775732963598
52.468781800972465 10.377097193269352
21.49707831011006 60.27966064955645
46.365146369413964 28.05079042646694
46.702577959004365 31.04114050409311
69.22307822258188 23.960898250864005
41.225937471060305 40.38518216529651
41.33326736470454 37.18053743781985
52.65100221376399 10.285875041471996
66.52847929749419 24.063564386423838
60.42585142212123 43.086804860851075
73.60510223561552 59.12189656404635
82.87707239688947 50.752625594467446
12.65392629146201 62.08976789918549
25.80444251576985 48.630942414776406
69.92505823847597 52.88976066874497
18.35545299219224 33.83035025283007
41.17093048903894 41.665908511051846
60.841018110558444 43.87894582031062
33.87756524146058 24.56563111759755
12.036587070421106 44.030224503683165
49.95716241159815 27.38426080963253
80.897814400919 47.48047879753889
25.376790348920675 35.491101411379724
35.07277575434888 17.862452583021422
51.76486928819469 41.2788833158324
66.00000082311558 24.90363180442766
42.089631126887625 30.246255413231445
22.064570670304683 55.56828397785659
19.589758042871033 43.61982746090435
81.90357447291552 61.36181479129398
45.81303423313331 32.61154234176449
20.60211228998132 46.434840315720116
64.10098257835901 19.198190629631483
64.67217044251188 44.95276507966047
24.24240702095489 34.08942660562591
35.70833329324468 24.28174273561957
77.40918779038131 54.11380944717851
12.451941096193584 69.40170696068014
27.604702609013273 42.42927314475722
73.95880294360448 46.424497363527195
18.52713584342692 54.09043723806448
81.19263668387049 62.12115221606072
72.19870747884629 56.46761518995378
33.844091245656486 32.01538002716852
69.39607097072974 49.71694744285064
62.9281675080223 47.88444532806056
10.048990049027248 75.44399239873687
27.7373451988607 30.525581392537656
66.79304958788482 44.11445239942573
55.381413357757324 21.114398049279302
11.514107475454036 55.19932087627446
34.235698108796285 15.01758474326723
80.61129449071832 70.10279810317257
82.60786127922992 50.71863906651603
11.349807343054927 72.7269494393152
12.131292354493727 62.62585238703279
54.261370783847305 29.663173222575978
67.90289246101187 45.72712664970932
61.63135796322311 22.37506360082002
66.71947787614943 32.52112435245177
68.82457382048715 31.850826608094366
15.363179498103442 59.31923514252948
48.590626157631554 23.82165184023396
68.58855486151651 47.95057997537235
79.16872709405328 57.51130771312985
49.23887485106283 30.78975470450195
46.65002293483096 33.195447965438845
77.93089231095927 71.18421135490343
81.85229460244484 64.1297500630687
43.665856194486324 9.691347126257702
69.76138279442083 37.221182536372524
38.27562818260314 43.94280620149037
63.03747901677406 21.906750986954233
78.1500423231648 47.479356811432524
49.840504297762635 11.154428624121268
27.33213021240443 50.12425087199899
39.49707244138474 18.835458979978856
63.99214128567745 21.186908362468515
32.08422622972706 36.49418903589335
76.58821288636824 58.9256219123791
70.65471905297643 30.15001512909024
27.071101133708012 22.299758956400964
61.75262413999876 50.93914751433512
18.947610089911173 36.117214536582054
81.3591027136905 55.73109360624741
68.96577625852628 54.30025835134297
25.72008906293673 47.945335854953484
51.21338013462069 19.24358782509819
46.99657692881618 35.476907448440826
68.0237076030865 31.7203419641515
65.99475265735654 38.63381778003248
15.669435618269048 38.62031886691657
40.94695588138335 40.45323657772094
45.11835502275723 24.910651617834606
63.05261260046832 37.45413644700437
61.99165929599746 18.2549829137478
23.703072144619842 38.91623493960664
12.076254273957167 78.24856402304167
83.83094677955157 77.7986408140546
54.251836074168615 38.624853338972365
36.654237283140596 26.658096631055706
74.59745463173343 36.02239047107848
10.80291751589683 45.51347294337631
37.57278189135372 39.367010108597945
47.72307754267054 36.74669690170206
74.45791271641261 38.21675567399447
12.951024834760485 49.928519838270766
39.57777683008389 37.071384946624605
46.81571623699208 15.779745704569782
24.280611041010864 44.744592182040705
9.838405636355633 64.06822236652036
37.89493074643106 34.087175086285995
25.971555766475007 34.12784159589409
34.64171169024705 42.54653793185978
59.79242086080927 27.028728914900178
35.00097919417949 35.83861753327729
76.26211772943334 37.62857795417247
54.49213304197062 13.369740077010619
74.3356095928018 48.20857533656578
38.23711643698108 13.161909279166917
62.390361967499615 32.865752304016695
71.92389250755332 36.86121546134708
10.059363589125965 79.39286693712116
52.756065425599864 30.733001504118143
58.83952450388874 16.760085637302417
11.765204846636939 44.20656564380673
80.44020783658279 48.4966267691907
15.306412306598874 64.54506839229285
69.55863217796174 32.56555453779317
17.562298898921433 57.67575694083676
24.60318677232428 24.846298428673997
30.29880330958858 30.512911263240284
78.16272250748167 61.27352246129726
32.656947769203875 41.00425880926896
46.15546338557235 44.87639851167755
45.71409416456401 28.445516178521387
50.8201741849882 45.604925695529815
77.28374444608313 38.386073721472364
58.785908195690055 37.24902978413731
36.228095027714204 28.474063340753986
33.62481771516137 35.47287380360045
40.81444021577137 16.43290333231869
51.96257624720168 16.303609721302788
50.897444878060526 41.903157925873586
57.18260814267893 18.06552499369536
13.462926642454683 61.949424120453344
59.9831230830033 29.875926693003848
42.66074713409562 26.019054182909557
78.90136237789807 58.4960321441431
62.35048709863068 38.92218096919227
84.25221776435939 52.29744380755194
13.468316047479732 72.8410638545239
69.02424282585778 23.46140976512943
49.87133651272217 21.994544507864024
39.19360520050505 12.711415241873942
19.17920473592173 64.54065753699857
30.471380355763387 31.683288666920376
81.14148448734156 56.47993735892415
82.49524350015835 72.65989485734363
45.48863952556344 39.21776331673509
69.2161853454417 59.67317383066009
42.367521654995095 22.172605380735476
63.525352614922085 25.935178398238534
56.10419951526124 35.432454689436575
21.60701128727626 39.6889115247416
34.41312077236638 22.493630947137294
29.590929304712553 25.538690523180072
62.02401496373594 16.304769015672772
35.26863851060265 33.95721240916901
48.86064382254696 34.19912369978499
82.11761410979628 69.18314067084363
55.98181475576091 47.16360408159469
26.435504852610784 34.80063974539755
78.77709003941384 73.0622091384364
40.2018103768199 38.96506933387774
76.95959901224845 64.77005355257586
34.40835610413447 30.196169836199097
16.20411743694699 40.91762711465784
71.92142227255788 61.24750762036437
12.406554002388711 47.44440584138351
43.49306990576565 15.686555477456444
37.486873023730965 20.384280751621873
10.253102331594704 80.62924277828822
9.834208176184342 59.430781913669534
61.11656835172647 42.651532172211034
75.5411898344876 57.37244903107552
55.687916419738244 18.93168394777483
20.461085505425018 29.02095292505244
44.743246419722496 46.12291574674803
51.45385313689552 11.720862313801955
67.16673730663689 56.891736107462414
38.589156784709154 45.39676494367272
47.84396068624782 35.351853299882045
41.04455907132678 11.326609779997636
59.79399387772426 24.151966104096832
13.658924140462076 45.39719599263408
70.74725084516082 36.65076352981889
48.37305821582401 24.708957011137876
69.70822481020267 45.248556355011424
47.36072352476829 30.542490192121136
46.83224402035056 26.2361896034623
54.85877404027232 43.9256098286634
12.47000802720555 47.404688968773016
20.272624833632023 65.56960697555154
40.930179871392355 10.554401334441327
36.127004043827085 29.67957149924107
39.061390914788895 48.30325683109713
58.12185831371776 24.538549193435717
61.65995729721547 49.14207278996632
13.827312035742352 72.9032331866735
67.15058287861791 49.2454375739782
42.7311233154969 37.980158457207494
30.32652462581928 45.221906473615775
83.8078043767113 61.39816132602245
12.0407477850875 45.906485321716126
82.04995584514802 71.39929487886297
39.318454383496544 18.819327608410376
35.87141726965947 18.430121206422076
58.37931708107223 38.09686150139646
31.51362957836364 29.018984845207193
41.6460539605724 26.182959217289568
11.205804815383942 49.05423992863535
27.65819798382809 24.407356546329403
58.88142025866401 25.707447148562995
35.08344848657981 32.97675097555023
46.20962205646606 15.961860846979622
37.10812265833909 29.536811964572962
40.017336392317894 48.077936080897615
37.391083833424624 46.98204165583347
57.964795321158995 14.563298352956462
21.800223611822254 55.00308170425247
37.28435672431375 40.865131499744706
46.96770096486004 25.62863612981147
81.56329438961859 50.172214706405306
52.34078018594458 20.247131362786796
41.371011753875294 20.791278388338306
64.22318139849179 20.381385031790593
60.670582896657464 51.64312606919362
53.27427646470656 13.620519585414801
25.085914106742656 33.15374329610097
23.91892479091525 31.338529571885644
68.19548374428314 52.68302106109629
53.46386335648454 43.99029665303518
56.74975929311022 45.14636492008398
30.49458850286103 47.8067591492829
51.50710368350862 13.061838742628877
71.14444028295573 55.340565657634144
75.96637887788194 60.51574049968664
16.789512183649805 35.715147375567334
38.591356948311585 24.086948314683454
41.72126289281849 28.190237224928772
12.357189895957145 51.812771822625
33.80297069562997 19.315169751348122
42.79225492330684 18.477038287632148
64.73735590933975 47.55920853901905
79.81698884828442 64.75012856891902
15.830868497886154 41.770321413973164
41.04855488977674 14.27633338131135
29.617821218054754 20.242171945600347
56.46075496013754 16.088595120152213
44.75725409365079 17.045880194575407
35.173163268891834 36.3178258689056
43.26474181600406 30.412224980100135
38.97839699882192 48.17116189905221
30.131268508510637 30.505864005742897
26.623001997042103 39.66504122177942
57.99306340635992 17.154399732451335
62.915943941743706 39.031288328843786
33.29068406951239 32.87916712620952
77.86262139005377 40.21241629191419
14.382624452404789 51.458122265456176
39.32360303042593 33.3111127937545
42.29184920171714 35.58038843961837
76.90926912184003 41.16160785731326
80.88776366126324 52.82778258800663
68.02714745888849 30.261937544233724
62.57904016473512 38.10513109130267
32.068406062088116 21.92079226886198
42.781847094184016 27.96514934911046
70.3027441880119 57.36130107271503
49.731707815336264 16.965515066701652
53.66565109805746 33.12414797278059
54.924321332859776 43.58082343735357
74.12702663611041 32.8102130791176
75.63694739258264 57.56557603703833
57.56431323630097 40.256348800277024
16.58640595553343 55.094507309825914
33.50848863032742 49.11945142776784
67.01103458977335 49.03860974409373
48.2018495132001 15.234269552246165
57.19953959867625 44.9356485203327
33.463149299782096 30.414202345826126
11.490526481100783 55.87192090030817
45.55182005061655 33.726223935556305
84.154520640583 55.4701566070218
79.21117269072145 68.77760245909272
47.74077956678455 43.05857819045053
15.899957216306543 60.17743519193465
12.821835655194462 69.7323921705362
72.55606793503793 56.71800305957026
54.01343548352776 41.94570196740853
38.67203834115019 48.49301833009996
36.5589337687394 23.760378939899418
71.22715244150189 44.019697465970225
40.40881239811712 16.040772031185774
70.8833796027525 42.48873747208842
19.92291131689788 41.19096726345904
83.5855197706394 76.13065667154565
29.94684354789083 36.27279948774488
75.7239117884835 52.304369337930815
36.914636573967506 19.406773162761272
65.34467137713003 42.83786773886494
51.73648759652318 16.0857132490691
42.25699606695008 15.80723429149969
31.147759162515587 17.233456403222235
75.42536707204877 58.97920790991961
72.62038755151733 28.281677603855254
37.39964378778237 27.980912783236818
44.52368698601738 33.896408777639834
32.01242060769685 51.73968506603099
59.14965431533138 42.76206739882914
70.24157944162071 34.77688800132003
18.486405283217096 48.048165368841154
14.093457383942352 71.33301688719988
63.10702583785603 43.10296665893998
71.46131378490868 34.051186117526704
16.79340762540031 61.771526174043366
58.77114312831009 15.121770359114466
16.02306358187496 53.63371968222945
52.40148645072418 18.473509352244083
71.1046929382651 46.23536248357806
48.26410935840355 17.748959153751294
33.413479364682516 28.478289267632913
73.71377989572059 62.23676312993542
45.10168738164326 41.49028896094211
26.241064801445788 57.681307392538166
76.28683139064847 63.274688449073466
58.97440920820061 37.03950218557908
53.67078795197426 31.927442596783735
82.40893820534657 51.492035547343974
58.29262631583915 13.228297900940277
40.47164350807534 33.19612346349943
24.17297930552372 24.166346799023206
17.43879980204155 60.7729298150153
56.0026622281886 42.29356306119341
54.44309695367314 14.323307853657191
15.740789526034675 54.762055311599475
67.45907745575728 45.12749080849486
11.354823880000357 73.79007533528078
13.692183724009718 69.19394593463383
36.24124008257983 28.010698745639864
30.043873260184384 44.91651245624415
52.02080559503945 46.212074441537446
71.30719720755911 61.877964777666605
10.095263396468283 63.21947135572651
76.81598809604637 33.682209327699006
43.17933493259113 44.09129125547035
42.87163451212834 25.774352774467403
54.83736432595864 34.09445007075814
67.20950378626071 23.862256118183904
26.249246397474582 29.886382171210904
42.29307325884466 45.375996245224925
69.65463068435422 36.15729810483364
57.936968161347586 29.506828490847724
18.920374148727973 61.946571824668375
28.847231525625283 36.18758302282892
79.42020899908846 59.48775425339504
14.650279308225741 49.04471164313631
11.708760158452714 43.778784382693914
14.084068835301 39.21069938224715
58.44189513419318 28.3451560401324
31.619351346227543 47.83445703538736
55.97232722617666 15.47615669086689
70.270930103242 31.249815975916057
72.55744965889312 61.04240356046505
67.17992461963179 21.009011705240887
28.697162308039985 29.808911541771824
69.17142326171053 49.703140004501236
65.94320973138076 33.05572657000063
82.12387226776121 66.59103481338751
74.21408614227272 51.81125750982115
42.3484798256547 37.16432294949045
37.42741192228563 17.644094987156507
60.367342006252954 20.072950402397257
14.7741752413766 46.73954185651973
47.18762940832284 22.267704604225408
36.528797473492894 25.476926847402645
46.154985020535634 46.75347834437202
64.39975931284245 19.472292872076864
28.90633257273344 18.444059452246513
25.71176896729061 27.23947170698831
36.845892802868036 41.712011006554704
43.239640729554495 34.43281501878871
63.31224932025563 38.68770252716172
49.94591352873912 46.85224054619979
16.81003349785288 53.89767554319573
69.44594085621665 38.33364996973615
74.67488888951651 38.35603920695956
73.12266487837155 51.6934774011685