33.94052677993017 28.835855198249615
55.4303797192251 44.638645582692845
55.43235178442407 31.20206305055646
60.01619293825393 59.21995176519636
60.352407922471606 45.83681908011552
66.44161515670925 66.56341717445453
53.845668188615406 27.962076802259507
67.43742965772697 54.981834943212405
51.59095538846308 51.21257366064816
51.58481539811087 53.583636205444485
54.8013072350111 55.207758209584526
31.181697005214826 35.21317957508793
44.96144744178399 42.502760699002316
67.2311935177593 26.027625795844898
43.64690566591578 38.91885284662274
59.76102785307603 58.07382701563885
28.40746314930921 59.39863318730004
27.08326405977858 51.471895480389705
52.377498826609546 65.27031674678025
72.54819808308096 37.118822336551595
39.78660711931178 61.62531900756254
62.891617932167044 41.338244242322006
30.513051130230927 30.862146367143218
57.288152341575326 65.4540238336531
59.23454408558986 46.39716746093904
64.32316685080318 25.858111547513595
43.28070814918331 68.87575822658313
51.62667115339134 68.00366092056261
33.83061428996898 41.74009274651483
29.680933177133074 36.51092467646349
45.61885939632867 60.856198421102704
74.84327837847262 39.82607465325325
42.700447557917734 47.15285426890053
45.22532476398256 38.950831785828676
42.491642210592964 61.88623036661696
53.04531595900338 54.3387286843785
46.9986643531229 46.82070139126494
29.586090129920972 47.74431056860553
54.54916281975436 25.04083967052948
58.472685060364206 50.77930647348946
30.351959437375108 56.03329160114468
42.296723438964634 46.26096124082729
70.33736891424223 62.36984562788801
53.34691784152971 59.56593019542144
74.11549437196977 58.32992920674972
40.76479976155865 48.32279549118127
64.21241447169197 44.498758998884156
36.09773007150297 70.87862638629854
41.76650860530716 57.41019580406124
67.67924516449607 64.4212133668599
58.33389867461486 74.44299004535857
45.81210766138128 67.19437787240228
38.11108122228026 65.81366667028388
34.41280280401491 69.79359796561677
36.543895901020726 42.81950513480457
68.01758812021464 36.008237780435806
43.864200020417066 30.821433484173667
63.9622285508802 56.04649088073981
41.6575973132253 72.67422551385486
65.81197566627792 29.357462619769446
72.41832179443357 43.99546650191015
45.452558749692116 62.96201603303228
69.2614481012906 49.8226465069882
45.213850483222885 29.16765541830526
51.43671986787177 54.01651740204775
27.522978412653877 54.1106366990325
43.73706089697554 61.96389764915905
74.17989037184782 50.733043295477245
62.723412268506266 26.953244038373725
27.039418649971825 47.028882228021814
62.14398104405604 54.501902475451004
41.63054145434256 32.831112428223044
49.895682835046486 44.92922589942513
62.75906372400232 68.83895087194706
55.527956324112935 62.25835564730624
59.06183508128572 64.58621810298452
48.32354143953721 30.107135335812664
47.2025814494968 56.65148411275067
73.63042074656639 29.2610948207514
42.91631368486447 65.67662813182228
29.250372782094125 58.89797524958171
74.06741968213646 42.78517207950486
53.62980650145012 73.39388077664726
29.28268232016855 55.02694452633195
69.27570930005156 71.68013583718671
62.248895618452025 33.886822610235136
50.65905194904197 42.43524747028663
57.086997753416405 64.63040751083562
50.28229770352163 31.62672544037697
67.76598921109594 36.65560612734604
41.83680637470722 42.56135422067339
55.02146649645822 63.78730807977016
58.125960636002475 59.685846544932
61.172733999235454 39.892639053441535
72.9290118618465 37.59340754875788
73.81993175318507 29.111161226098414
42.47471827479228 65.37597568351713
51.351840765962244 44.29826634325029
71.95561476087003 39.04985476458202
28.47056893572485 47.434696457417125
57.85211435933005 58.46068234596946
65.22475659931322 61.26092908353715
73.35140118879721 62.45863913227052
62.10899322608129 30.884475952369193
58.25314192007082 71.36901814126817
28.80861321420304 43.41970674327692
64.60379450014187 61.40551501466827
73.6906502668559 44.70305235867659
64.49492369323502 37.82551884925673
50.40843086140917 55.85066150985683
45.72580478272121 56.34743793803631
48.36157145032065 43.936004811471044
37.403135007286615 69.00275170898595
46.28369003518711 52.01397214508611
64.12594206657452 34.4960653500554
61.46952709112655 65.74532437447962
49.69819466199994 62.64568865896408
60.970803724385725 72.00358080809026
67.9300757720335 30.673186860774628
27.139799885192105 68.73844567478905
63.52380763642199 31.449200756748
53.170773885941216 26.39115330093632
55.687635407966205 57.73824996646651
50.700877806778976 58.74724907201326
30.917479594647666 56.443892790612296
33.40791607955887 50.307186255629944
70.04024362575258 66.86874446642939
66.65611246770449 37.91610062727635
63.17417856046701 43.04330425571534
69.18785594002424 54.46344525586052
49.62872985837718 74.07802752838259
64.9096740943635 58.6365457210818
28.63086814007707 28.41683489163295
31.165951903707445 55.1255547219524
58.65947756075597 69.92696646735688
30.362969698188557 46.24940175144465
52.97181159076192 57.68375583905082
33.37071286070192 70.85616776399739
26.628713009267656 74.91222784253246
45.54815852837636 58.767299832773425
55.24916929685737 52.00245016203103
47.17688595713974 51.13986652604209
67.22815128007407 65.6273783917747
52.728056521595256 57.438020168834626
40.41667049859809 29.80567093053904
39.71917197939128 73.64264603775521
74.74023508031856 27.152528761230187
40.38119348923799 69.4712951400962
26.645001186073138 68.29284912413664
49.70409020547347 58.64676120423754
25.25943879712664 51.034749583159
58.153938641049564 64.52400401535047
38.57196146734799 54.52830520843936
59.30203292206727 58.95253650758009
74.23191734414942 65.7965189846522
44.04805508856292 51.54090256902909
74.2377084394434 32.83491009128229
45.488427962371716 40.4168618063515
37.29518570985005 67.9228588807004
61.219698472908426 35.223046773801606
48.65267035371848 30.305812827188138
32.71453391693559 56.27827512383564
42.06815922914645 48.48027327825163
51.43236974981953 63.317245137063026
66.84852279180967 38.74255423674502
40.55345602752847 37.02301060998961
61.029920084882775 43.85709069261274
62.79763415871813 59.10943630117621
49.86534406188493 34.23255128989948
42.67804685810037 40.54478605941713
66.59663107964727 48.23674255598459
48.36060463820338 48.88926428007995
37.71925560925088 65.49776173877346
36.5668592374475 31.94580191041925
49.46884416843431 34.814231547482045
27.412608407158736 34.85626633491423
25.46397430938756 51.355617508186626
41.59877577103212 39.654277757315405
39.49711183907246 70.87312458160112
41.764391039152656 71.19435695442976
65.95704201854097 30.382922381829815
34.77229100062155 61.60753964016094
45.39621981166544 60.16800452631315
44.7355661219161 53.58709427761129
34.1554626007616 45.10352409815115
52.82103020069956 55.98771408275558
51.70977719319273 61.19388798057781
59.70844862606447 55.51519162035521
62.5896425162743 28.230870664130613
69.49185237012551 66.21886258349892
49.911664366561546 46.14066573981448
48.20755700081716 43.00174183494311
47.0461795627107 58.32456605883765
52.000875312610084 40.37396081033633
46.23732245936848 70.40816909623243
44.28149030516987 58.54530816306509
33.68413405124172 28.679721063237817
60.15853818800538 35.44481075401821
53.67230468973037 41.008124467513774
68.23017326433865 33.18008003234846
58.110616509630084 34.89982352965091
58.786030729902684 49.74047175951962
37.30959104714376 42.56912441679703
25.344927585456734 50.135524512109384
50.67369134562551 67.98065850206704
55.36713175742557 61.12927675875978
27.24757425190437 45.4249801244366
26.23633679238102 38.330169408541124
62.32716474454064 48.91025091119426
35.57904956259953 52.331660211122454
59.68994534341392 34.42970241502007
71.17829549326822 34.22637399010846
63.55877269769108 58.90652130795366
59.8853768151873 49.09562507917159
31.75848188534972 35.82720272959739
43.39336121192267 63.985435551186
42.261785577410826 72.24225191298906
65.28372570466655 64.65452737240324
58.21484475660996 69.79624477842901
49.203748015402695 65.99624771525984
66.0536314916738 67.12152773548495
65.79363988567644 61.66824282803899
45.998084646067305 38.24550981624027
25.885992359199427 58.03330965971518
51.653018574999635 72.38057181523206
61.53073728765121 61.46103739349948
32.98694066407049 48.838220268645394
69.72907190781163 67.473272088762
65.06139929825942 32.62126968011814
31.040788725798627 34.93913786086088
72.10939017055246 60.72737872125437
38.92686164942797 40.811146397918044
29.02898439189855 66.0930290091863
67.58396790986146 30.00740142274003
33.790230582798365 59.790508987242866
39.29329076451983 46.51891368667449
39.9166006662796 33.00340255995921
25.25914680486051 28.358032670916742
26.39869601942554 45.91019881778907
41.72831934672687 61.88900673594727
49.012966049059294 71.04910397301948
55.14601473486556 26.1374313908297
53.20661097704582 74.87564897059855
45.69580032319761 55.53909438227389
33.27203672140101 69.3815238065855
36.87864149773377 26.4048819693117
66.22653687085936 70.16978381554134
44.75575628536013 25.835204780441657
25.273404374927445 45.07053790305743
72.2053404692992 39.58019909084918