69.24368727386373 66.06727970644688
29.450430537783877 70.27966526842448
31.292120466924874 27.317303771688117
36.67877311558143 83.0550153464859
79.98330337492318 78.17967963427304
29.30851473526686 38.39409952385283
21.641057432027424 54.31964949922934
73.38641451401598 66.92837913128723
26.850195070733648 78.58655474267148
19.072780100873285 55.75540787269007
40.423006845421334 34.19457472311643
55.88213865423353 59.511001457156155
69.45374594843464 64.60387821489664
76.95648870560404 69.53118988991488
56.68972113218809 76.98578281936719
36.47173005388801 72.4152937230919
42.57707123343072 81.88585463177911
29.448395691484546 35.75008857603669
21.23134595574327 80.31337344986562
26.47898528587912 29.058834228593394
41.83067754937588 34.728004451847355
50.840378199176726 49.89408826917374
30.30643270537672 68.4218470491404
43.70254923360265 36.01153185762209
66.63416203395128 82.52651635295977
39.067826351046705 59.143205700425895
48.78600173274154 75.63502976280245
87.13203626866496 83.73030927358072
24.136239757119554 42.17693933298336
33.51530859856341 49.21922124266311
36.09617125403121 56.12817864615985
19.93498603996695 52.52831430327805
33.11869123879977 75.32663573365508
52.4666756330018 52.34196357773668
52.52694054344222 54.95752328759074
28.54300334640191 32.59008140496337
51.646661639963796 42.41155973435812
45.09914459817049 74.31584954131333
41.369849037203466 59.75124547085976
71.36111655113243 65.81174190532835
38.234226352620276 47.56023486100739
31.849699910049203 35.29768447883738
34.857486955925054 77.82938632685665
24.080754273604644 64.80040637852817
33.85603487358942 54.046228357215725
30.416036229767226 21.797030073657016
26.05131434035617 29.96332930070856
60.700154753961925 60.79049237291329
19.016730409186412 46.83435608906626
35.30634495807254 69.16032819010647
27.38462979394394 72.80370793316378
58.501649232038474 80.45905297784967
42.24949848650749 83.8629221470646
24.796914470268078 42.29278752506086
61.3476324565115 59.51361185244366
53.36382158889814 49.80444897406225
24.185428341610333 47.68265208461053
59.073934188041605 52.782704618777665
57.7507749481956 73.14460562550047
32.48483698650114 46.70187821169465
59.49994910959283 75.64300720521507
39.95060120002944 63.01015440212038
42.46816959136231 52.020119988361984
63.20511050321855 66.46640737377321
44.060131515532106 36.76501031293659
30.50934554822611 41.508966587668496
25.35210807908679 79.23136732987068
79.75295123605358 73.01031167094385
27.48162649334954 36.87241051658291
48.17889391271659 47.518396887996346
26.607034124135623 57.74343196515366
28.33615867351302 59.94010278447293
51.46758032503395 52.76707956050979
31.119789936396256 27.33194559772256
30.152419973878047 35.182009633966324
41.65441331673763 83.9246871774024
20.51381028334148 45.640820083999415
26.909115261060563 62.92071816094793
52.70080382393325 59.38431577932473
32.05444430856796 61.60798526638082
21.42628896877752 79.99284845646305
79.4712049541752 80.92407365245256
39.13545070561426 73.02920909773871
28.870069248069544 27.34774233115475
65.07788904494343 64.1778847121742
20.318889015513854 17.781740597055187
21.97980062188176 34.57702184608556
39.898544940166275 35.51682426274474
37.83029820955392 83.85021981873672
54.37756737327698 52.782486215840585
41.072116783348164 51.17186825160397
37.802111083075296 39.158077099724395
34.594072793823635 39.34649472489451
57.5417364938328 52.67040425704309
37.937184115042896 65.0040679447926
19.333748124467114 49.55572994915803
32.79283108853503 77.5102257495152
73.95398681105462 81.23039947180027
27.20803232084627 38.05801733893382
46.99207876374649 46.64675178581721
38.274197202500744 72.26431223515704
32.398236621080954 83.79155667235892
38.334480482519396 68.06323016929625
67.00914611147897 59.14459140388806
30.636646435224304 30.991255702740897
67.0820314236131 80.00831230823965
59.15973780021651 53.08866847574871
23.04703418869932 78.14707365368129
23.140202997506165 21.66284890489906
26.914621232553923 20.777485275890147
30.953662685668924 48.82669338331088
52.93701996594462 62.61442586319993
71.23079755380977 80.08624330930779
89.87397718206401 81.3549006595016
28.604900395713784 42.250807213800826
51.65461580625916 47.539927168449786
46.19346470418539 41.02033626677343
63.384984370344355 84.03205919404785
74.03591637064861 75.52957216480159
58.943249604169374 70.76383682078244
36.32401349636983 76.63166609200067
20.17118440082186 28.089470461868785
50.95468656835428 50.478913245596225
67.50938641348996 83.61872934643714
45.17493515000159 60.27943049724057
71.28203479969744 74.19231246151122
76.773639215429 75.49597223734199
42.522647479623046 42.50814418564472
48.689104967084646 47.59756976842298
60.54224330230194 53.901641120024706
72.85777749931417 78.4661137684429
40.66201573870686 38.78237776911314
26.2455480876267 75.04290453355468
35.05029385018537 74.06692679150608
21.309516094172526 46.470693467750806
27.669247881262255 70.58263360191641
47.92384912310003 80.60333408369412
61.566388105348196 61.188426589884415
78.6991619056891 72.89456293673624
28.834909161743496 33.99805521151691
76.09140128439923 84.21990284604706
21.890872559625326 34.45979785338585
38.43823412624118 68.40313691300366
67.02917829457819 74.74972762419776
33.69015925844646 29.466886051268318
51.087555063985654 62.6925432118818
59.94928305364528 81.22949513412836
21.936088129842414 38.87268859593067
47.80379107689704 39.32558511402678
28.783484946688997 46.63688333277162
68.19072272549512 77.59646048260785
79.27970895793159 74.94956191413856
63.53350489285458 59.28340080727619
28.817651286450882 22.080836538767105
48.170934991792976 66.44331296725994
28.792327378481428 55.944374815335706
36.851212114901955 64.03268187676096
44.56652454008429 52.255324417376926
48.972269891220385 48.35094225943648
70.13430648901172 83.12822098326112
67.63613357588348 76.4113721307471
36.77587861420134 33.15604204759559
38.384868669841374 64.39064462530993
31.671384632332348 31.85424295910691
57.6459247734371 66.91643416413837
38.49419645612125 82.41083701039436
83.7464093187736 78.74401982260741
34.79669950243349 51.73952627359108
37.96334648927021 75.39700182412174
41.25938219149462 60.329530599810184
35.20548626173802 74.16685992529861
50.69302543877874 75.94688307816267
26.127188736383154 43.939525592405346
44.71240889604672 68.8403783909963
18.797098005243644 14.661831018538805
57.24431586024744 52.84953485556987
22.436591736741875 73.06967479806472
49.04639134974574 40.12134311160308
81.00290141983993 79.07332142711604
37.215048838477216 48.39463125676425
32.085308516550484 54.0813511278633
55.754953989890254 77.88725508735466
26.286393528767196 68.20828096062841
20.82977798864561 51.70670065711668
41.6603628141969 82.81348145649072
23.875039586608615 42.17405658952787
49.56527587783417 80.13688873952592
70.17501520428148 81.04014365224742
56.47080404452311 69.10326088878193
19.869702445143552 56.5108258432972
52.30647924265672 62.54908825894583
72.23435496221816 81.9183991405482
86.06466493234564 81.51847185298215
29.06003880751095 22.65762927277791
46.2047586886997 51.926929879755505
20.829899589988898 69.69273033455141
19.056594357753962 19.182522932658284
23.310849375692104 57.578503086339836
44.34930451039901 73.53430586036492
29.392932011494896 41.37855093300037
30.44465634209866 22.57165317064141
28.46656560904333 42.69247350280004
25.136554786210073 40.06526657858278
68.84831518789666 69.28662936253195
38.152695228761374 68.65397012686887
34.40926003359744 66.57190176216614
66.55928189152141 66.35601934792074
33.824035306247936 45.823572037571935
45.2765413855455 69.09298730485828
21.727022239708976 17.03987668843891
39.5987242500765 69.01908655020527
70.52573597231718 61.21821422242651
26.718559439812978 21.953318515824368
43.14472414874656 63.30700782574567
44.55043698535802 84.03706270775727
34.98233426848513 26.5573791663701
74.50990530244064 81.31170904671934
33.00170168963483 74.63075450462759
53.09723373659601 83.34534507082601
34.49523550555577 41.687888270906264
34.880874470488266 74.46054227964497
27.2830177016551 67.11374713759955
40.26100109950369 33.54906387277015
35.97587853590767 30.10708578716764
34.86222081711898 74.32762144053652
30.663944916563565 42.56945845423143
44.900807621835476 59.258219584769904
19.077157535042872 65.68029328945238
22.857940590126624 20.866904710181693
19.446265091257924 73.88488787923883
81.06045114903512 75.89844431070917
21.6259848759422 30.449809214927157
19.805649239408435 81.61945301301631
39.04560307929213 79.5159098243605
81.35363097832652 72.946638848555
56.88302101560228 72.45813930649585
49.98163501929389 83.29411914238842
72.91315492000078 78.66905201029759
19.634243118327014 63.63051524619119
35.75229298217217 30.75498679513268
57.07038646319285 59.60168844456052
19.92801599006601 25.267460674818274
56.055903162239936 79.38815598483443
51.9456335974131 61.76338406243537
64.61998609914681 71.97220504935353
32.33284949089581 42.423159155148376
65.00144721479327 79.6044358938595
32.03001439652337 74.11364153204289
72.93070124093606 68.87845063362882
79.16084082517847 75.48757585589921
44.92445863499475 67.79816240854124
30.44474596056498 78.05193406964531
33.02008233230033 58.5246682359698
71.56037673083566 81.1921230725519
33.20255406437687 55.97796029410242
54.950118145605884 57.44647082047666
60.59792814144425 53.87208371840466
39.71334749247519 65.70150669351374
67.92331497492475 70.19225440455625
58.00203659487632 51.57104616547013
24.27874388291884 63.2664536733825
54.42274792106092 61.19333855632301
22.12194100047243 72.11947730338866
29.535079650536435 46.42425715746462
51.52158840723096 53.85266729567945
22.280577848660606 14.168539993416772
40.629505947413136 80.39889660543156
84.44448491570404 76.73019289387568
52.43856767133815 65.71788840341918
26.986387696137268 73.33904414012041
45.038892895890946 70.00159230621297
21.356126100780436 23.20841770380838
71.13435284919068 66.12554662758359
50.616249102195525 81.7478754334386
52.52303888954104 46.500385244071545
26.19865450534205 55.06727708085404
50.98257399872966 43.728231516500685
39.78272443864317 39.13654510111074
29.268440268223245 24.315096291221693
27.53622440698325 48.90372675865868
21.735403700672165 21.122514306433082
23.561508647412296 65.76057052260211
57.18986263361359 65.77494456082226
49.130384863572374 58.590826172985494
36.65353688145623 49.21357785556231
48.36977063770722 40.46141543670268
25.489065140409874 76.5141008528516
32.789663162899785 27.21769019285157
61.037806119093815 62.39101332685267
87.10758494206719 80.88397025964153
50.843470059001575 60.19650004351762
80.37493489085988 76.7039791647684
75.4558818047894 79.16586433967026
67.11289122056489 83.31147788619379
73.93817068856384 72.64940696196156
84.65980006325307 77.46319474073691
22.465376577621562 71.82205254980838
39.13075830789246 41.003768210296045
66.81291144824158 84.26792680833309
74.50407271774979 78.3154790124185
43.59458792193767 66.98581816775
22.525024023975035 39.007938358933785
83.95294302139226 75.54344289305439
44.63984874636129 39.281496184773346
18.752994037660365 44.801998055239
27.16489250133705 20.00475285999393
58.72610563336232 62.59666299984079
44.80311033657155 73.69460719589824
22.98547558815784 65.42033297284418
37.0832710882879 45.60559986755301
27.139975601334946 27.775366686218955
50.67203081114586 75.46087994796369
32.08197892268382 43.79419205053357
28.47781881791628 31.913728587575374
55.109197940281085 72.77062694997912
28.135230590497905 26.525001809271885
68.61226152674027 74.65742237760374
46.213584848168864 70.27857750032246
32.297953484419054 30.73704191170902
37.7716329412673 77.1436152924202
20.719314176273507 60.41710572478189
33.079540115737345 52.24770800176239
26.590686989086073 59.18411546099552
68.98320755505065 82.08551622860445
31.799892419067287 25.25591225896909
48.7304597395782 50.81833898811533
21.038274302540927 19.250462704813927
57.54303364486242 60.51588459648355
64.06700148766436 65.49496387757061
45.53302484060751 83.75365895503464
23.808816911586305 24.251722306593493
55.4562141328921 48.920368646184926
58.678979712882835 66.74922664913643
61.826522416538594 59.4096603191577
24.83957235691557 54.20518569846998
23.725458266773614 73.59975870701673
29.330210302071343 27.37752234234298
47.061249780166335 50.97419202040946
24.48191596544243 76.3677053653627
51.259768980494485 73.23421882654225
45.895569207294464 74.1144420380596
36.34760791784201 66.54228042752567
83.11649222127843 77.8246941930199
34.2792822571437 45.98414873657581
30.237327428985505 38.64407666389753
53.88979532688425 74.94875213463601
45.871047357755685 38.07370769499417
46.98405760713792 72.40241817694505
37.53234011576529 55.91568349277965
74.48530698549351 73.21270965935751
20.57785618183265 38.68855540123463
19.81124104540499 66.50836539844046
25.860667902304794 75.73877318609293
22.074490483590278 18.351307232640654
39.80275898249607 44.95685056533888
69.7876795042601 82.28004783013591
61.924394002640625 52.81485396996122
39.34224527685276 45.92239622242248
44.19435553792984 73.16467070064748
39.12018022249535 55.68974576420398
20.68922825569944 84.05365153432797
26.878973736132835 36.02782358264088
83.87357564246622 74.51707940826684
66.50540158297414 76.89411108585288
53.672697099669946 55.57424255440579
27.98660352868028 48.8123798214064
52.22203046876392 45.54943733517748
46.09123636874948 40.936153743987965
35.430760913063274 30.362854427242937
49.726733447663364 83.08132330885499
79.33407301453656 81.86085336739092
43.47835527428042 44.56288799847574
51.486521967909596 60.85681373027745
30.74853348937524 63.43215774696608
28.825785634183532 37.39180196560024
74.614706906391 65.5892465572503
69.98222426137006 74.69974562896635
30.993734326267386 48.401198394735275
40.55541631900376 77.06680400579114
31.523208903161763 72.91860928544716
41.605013091851276 53.05540340986848
44.446926208181615 52.73898578747152
20.957174111583043 22.24624226318879
38.38181381970698 73.27827932035275
35.91100259158395 77.38158728873947
63.1162076490868 54.43401789329381
25.221261125453964 32.41626933454498
37.39065950795018 47.56468536526167
44.55034907329643 44.080179015172746
52.41865335873858 80.645289695871
79.21672142158317 76.93532201719928
19.614694146977104 56.67534227769717
21.527100869270186 69.62778382952195
44.89989069760661 47.503459099399834
44.405128989747666 42.80198512325284
24.997235438111996 25.806168893051204
43.02375829008167 72.11732169085141
21.748171600554496 59.855891274426085
28.43564659208962 70.25093204073394
28.99826518490207 38.54367233819473
49.162305875616774 60.92813481186045
92.393295080694 83.5360085318687
57.404901942759935 67.21567143568458
57.270973238136776 76.54118182889616
24.50060255027965 56.175352892735795
61.760438948560676 76.4563569797059
42.624551046341146 35.03989023761393
43.68596137802737 81.4069452262513
19.4186152640788 14.420406979124396
30.35447469761576 57.91787770638946
46.84456771852886 58.39271585682118
50.431346166300386 51.15141728382322
54.53627667490832 64.70434428048533
57.46399971465943 77.20389780429878
59.119212375022165 55.70000643445707
30.57413163756746 42.70995084670085
26.9920023804767 81.01194589207547
84.44205990692835 77.26287020617912
48.16574098344996 65.38629950717248
32.18058878263149 64.6252825181111
65.84055565331478 74.21561306034984
52.978372865023815 80.76014168557128
87.02404721424753 83.87052009738191
36.4479494895098 52.40018362173167
73.32401395915659 66.8096459867029
55.13902778232178 52.846355889367686
20.332165840320265 59.4789685592322
57.998967399532205 67.11073570810291
58.457322496999346 64.78234261537926
35.751148313056916 27.931894610738926
47.780528835109976 66.25146244684856
53.58790938554294 49.08510443266087
29.74813585878851 59.9619267537683
24.945134256830848 65.28277945266342
83.81133242675963 80.59776927680814
22.427117129081758 28.70164767888422
27.073291272261685 22.60397908234695
32.4989486601346 50.890888806528665
41.21950051738733 69.53838366998129
60.28896081350787 61.97308135139242
67.49938578288692 77.1306635892599
31.947959082173607 71.09394444533088
30.817734574145614 43.92153992427462
32.968521106393986 80.92606016844474
52.72018781896129 46.17622392794893
35.53662047751035 81.75980111646913
21.45703973996595 39.93768113233319
46.58605759498125 70.79683691343527
41.59602940421394 59.156472208970214
30.782151520882408 83.38512187655438
48.36025501803675 53.11771798163154
45.42985079565917 58.54891987508392
36.62131141694468 57.38373442936253
50.04096118919004 81.29512085774695
55.52289897393971 64.9670484462235
25.53010744385592 42.97074311512034
24.829693056277605 48.165818311628755
27.66060296166099 20.516487721568534
38.813292387591126 72.68458248320873
30.624053583581308 80.10825224936949
29.559322294336177 55.45254694072223
73.23872507690692 76.78826208661476
19.38308371577422 12.135676498429728
60.407712551391455 54.14555576579728
75.57056497157822 74.80484613859012
63.57025598214196 78.77092784026374
73.9817191503779 73.94751089345215
35.59232317632077 55.39946947635758
48.19723284725904 61.64826986221824
32.59483761573122 26.504100312018537
36.104239096165 67.04087454703911
77.1592842679746 74.21796330897077
66.69145357341654 73.43782200910073
38.438871414343154 66.98436346558648
19.24447608430291 41.855789997832886
25.988178450678163 31.87694833841165
31.813349697737433 50.680556421004184
42.9539354259493 33.963149611000574
42.435472672172665 64.99925962933482
23.0593052431828 28.27548247161412
35.72427849160283 54.41733407203916
58.122668461457245 68.00500794429522
21.643513850984434 66.92071377774508
36.49291100446456 67.84456033227166
26.636954539020998 39.135988560856504
38.45127589570701 46.28118868529005
67.30045116736137 70.60832358393722
58.02141169170869 80.29874510602335
70.25634478645165 84.30067656004331
50.05565386816943 62.59009042079968
27.543464755443967 46.04244521320568
51.07978276562207 50.51286093493532
28.502353532779566 36.08544605403035
38.88297069964564 35.76208758560858
18.78697611433966 22.36676203143019
22.524918156891616 13.586196110080083
29.707341666773917 30.20781067825649
23.236578334008513 38.958394422094244
26.127493176413157 83.98601617746655
19.261446607095547 45.41222412354829
62.93921149261909 81.14564996628114
32.07283940617013 64.90037505085078
28.803078436648928 33.59396846206531